3654955
2845810
2721328
4226297
2631376
2995381
3368482
2670940
2906164
3543790
2853211
3002125
4053766
2853187
6250373
2620657
3635635
3553384
4708671
2710087
2805343
4600241
5533009
6162853
3006217
4218635
3922573
3015778
5436196
4506580
4531653
6243388
3051775
2654275
2845780
2672005
6226625
2833306
2702512
2731918
3358267
2794825
5606645
2798650
1998067
2798638
2647612
2661739
2925181
2942962
3117640
4041145
3292288
5600001
3460819
4172398
3652453
6238725
3626344
3659143
2958685
3581611
4062946
2621398
2845807
3041332
5584169
3591322
3927955
4131167
2833264
5450763
6103140
3167206
5528518
4091902
3467350
4133267
2833225
4174338
2622886
2833288
3880798
2771701
2819506
2708728
3503830
2819530
2693848
2749915
2693668
2855092
2833237
2817004
2775439
6186680
2978185
3693706
2833240
2604658
2833231
3052480
2779927
4673413
2833204
2833177
4530618
2733040
2616535
2981131
2725858
2653879
3013282
2748709
2628478
3266041
4104488
5284890
2824000
2841265
2841253
2841262
2986738
2841568
2921476
4126653
2653195
2764912
2894284
4100693
4502285
4675321
6087655
2672803
3119605
2695069
4281164
2841271
4562434
2907445
4231482
3666766
3584419
2670913
5219483
5663568
3109123
6119597
2614729
2862196
2763718
5997338
2816932
3550360
2816989
5265297
2826505
2816998
4189628
4272661
3455347
3516346
2816929
5207491
2816944
4621361
2816980
6027576
5741460
5385409
4618456
2923228
5535145
2817007
4513715
5519429
4499860
4066585
5152955
4738486
5653646
4056610
3317794
6023379
5465575
4531206
4545404
3024013
3021238
3564835
5203339
4049020
5226715
2597926
5530194
3144955
3124684
2874820
6148903
3654556
5584824
2996989
2845822
5222099
5306116
4208226
4179168
3588424
3804844
2659282
6030280
5466893
5443494
2801881
4698482
2824777
2900050
5140723
5375649
2705122
4660536
2944207
3573019
6116069
2897845
2530072
2832214
2892439
5860891
2779963
2807206
2833198
2724820
6052259
4186549
2925733
5391338
5255504
5610498
2704297
5531031
5994637
2816986
4037533
3031303
4736380
5655606
2817013
2816995
4177839
5566470
6118934
4617525
5623143
3698620
3288091
6210253
6225594
5339225
5721798
5300718
5565764
4708665
4213978
6071893
2656207
3095836
3624853
4517809
5267093
6258017
3698635
4740895
2958697
4563625
3121684
2899978
5614273
2994355
3051781
5435328
5404414
3548101
2716411
5255807
4530008
5624683
5703032
2921467
4516367
2893033
5314784
3218302
2824306
5590966
5727132
2869654
3668503
3045727
3196579
3698674
2845825
3884296
3358528
2784742
2845819
2795305
2795287
